8139184691394869579
-6104484504288000738
5129559215143441289
9222019102946786512
6873745216089378845
-4401219834530260519
7756139457493334394
-8314333938729148339
-7131231751230586359
8597446683609227560
271072352021709919
5428997817060628390
5565802771125080753
5216320119352444880
-7258445588919826041
8419626830723871322
4156961900955883951
2162466174591578540
-8473180590145815180
3666651847994872894
980035877065690383
-8255318702487189464
7920665308585993822
7360365109547691001
-6127064725710365741
-3929898556076975930
2226172516654915246
-3416491521730479738
3728298442859305070
-3065135993082084451
3579755903375271812
-4707514837385403210
-1360403359273454774
-7361812451969205803
1376586753605176114
-857234898335046741
-613615421389617854
477568860257422380
-5504873634004807745
-3244061503857839778
-1040815427682375128
-8693224971736168076
5769932179504003430
-1264910667056262117
131052854742264640
-6250904656180417262
5801110016336649492
8955720514145448960
7879451315979434435
-328033385150161535
7260214216516879085
7136946980695146881
-2917188072200390306
-2385348342682420531
-1859362528913209
-822333650636248089
-9061884390390424912
3601173601695612185
1409440379043968173
-4668570410627389492
7693798538644309455
-9073590094222548199
8263239298372790109
4734321709453215136
-1501800146791820092
-5499822637432115048
-7518292360479039797
-5117670656437266392
-7143348537911960054
-2333512408954782476
-7139299555272632164
-5751819035757122823
-7691907146679759085
8840114964851151261
1951223381387748524
8527852408277551361
-5128962974786169149
-4999087696675940198
5080111434846107528
2241498144351834879
-3570001965493723149
-7909758745981199613
1621194544013413621
4461346485076207110
3465940642364267503
-8348157045035692152
8702160921791208039
2149150245032677886
8253748235634154744
4790280464978999528
-7789889425758629494
-3323056859758862301
2471472537627623619
3417708648328516731
-2017025700180839747
2053642435776784772
-4631630366799500551
1835781499627591849
-8294969822155657326
-2991227403779637883
