-9153885961487374535
-8399264302756944292
-8260252977968680072
-8245052317191751808
-8079957797987745905
-7876798627425738452
-7787099748670800269
-7736176499032641152
-7661912376007332550
-7532820856347588995
-7394857666020403661
-7372225758101269668
-7339528504933982083
-7312864282657140570
-7257255645356806045
-7179577602940833047
-7060266354715819673
-6997703873457852846
-6980873699476217785
-6833483193298152512
-6819678360958986842
-6528272727013856451
-6345247260239376448
-6327295897630833827
-6316495114463456823
-6160864268544683976
-5721441452242945189
-5644792874950305921
-5496079231301472691
-5409627023926232958
-5209688086299350146
-5195202663407311984
-5120377601069125830
-4681875607275049766
-4474220777653889656
-4387494951254442014
-4385537102489171599
-4309768603390935206
-4263284653440401014
-4260968505580885994
-3559413855319144822
-3539399862002202070
-3513788773607525897
-3158145933194581619
-3068186817372453188
-2695305902627804498
-2381602609877002892
-2226525117575078461
-1976075944878237863
-1594404644555221888
-1552916144096839839
-1174556049986091723
-899478938208044395
-763379215406286394
-728333218627897081
-693127543747799276
-616512279435446778
-565278916517082780
-557453952329445544
-539574546335377416
-253527684290115898
-170896598474998743
33256466929667625
66249607675806788
205795753028416861
825419250257092275
1108549347132997633
1203081980528438987
1210498055221449711
1416566172121864330
1786680166411536631
1905898172365636583
2017469160466978152
2217681197125151338
2230238770686892653
2231258770202521451
2481519204439582009
2492711919953547573
2741703240368651955
3036473864737785794
3189783017865290716
3367066637430248935
3461305383909750123
3940034532481761045
4152908537209991105
4218788959689663371
4252699172772571475
4322556763329695095
4534226749570470686
4999665630315361390
5717901263713743036
5833108375914029741
7098354356001403658
7751434184507628667
7803645957823103044
7974900581432703134
8010148794772768721
8186175487546559407
8758650084925533568
9212952301493901321
